lightspeed=299792458;
e=1.60217646e-19; 
me=9.10938188e-31; 
mp=1.67262158e-27;
kb=1.3806503e-23; 
e0=8.8542e-12; miu0=4*pi*1e-7;
mu0=4*pi*1e-7;
h=6.626068e-34; 
hbar=h/(2*pi);
a0 = 5.2917720859e-11;
